KNX:4456
0
Ch1 6E4S
90
30
10517
0
1
0
0
Ch1 6E4S
90
30
0
1
1
0
0
Ch1 6E4S
90
30
0
2
1
0
0
Ch1 6E4S
90
30
10773
3
1
0
0
Ch1 6E4S
90
30
0
4
1
0
0
Ch1 6E4S
90
30
0
5
1
0
0
Ch1 6E4S
90
30
0
6
1
0
0
Ch1 6E4S
90
30
1
7
1
0
0
Ch1 6E4S
90
30
0
8
1
0
0
Ch1 6E4S
90
30
0
9
1
0
0
Ch1 6E4S
90
30
300
10
1
0
0
Ch3 6E4S
210
30
10519
0
1
0
0
Ch3 6E4S
210
30
0
1
1
0
0
Ch3 6E4S
210
30
0
2
1
0
0
Ch3 6E4S
210
30
10775
3
1
0
0
Ch3 6E4S
210
30
0
4
1
0
0
Ch3 6E4S
210
30
0
5
1
0
0
Ch3 6E4S
210
30
0
6
1
0
0
Ch3 6E4S
210
30
1
7
1
0
0
Ch3 6E4S
210
30
0
8
1
0
0
Ch3 6E4S
210
30
0
9
1
0
0
Ch3 6E4S
210
30
300
10
1
0
0
Ch9 16S
90
210
10506
0
1
0
0
Ch9 16S
90
210
0
1
1
0
0
Ch9 16S
90
210
0
2
1
0
0
Ch9 16S
90
210
10762
3
1
0
0
Ch9 16S
90
210
0
4
1
0
0
Ch9 16S
90
210
0
5
1
0
0
Ch9 16S
90
210
0
6
1
0
0
Ch9 16S
90
210
1
7
1
0
0
Ch9 16S
90
210
0
8
1
0
0
Ch9 16S
90
210
0
9
1
0
0
Ch9 16S
90
210
300
10
1
0
0
Ch7 16S
750
120
10504
0
1
0
0
Ch7 16S
750
120
0
1
1
0
0
Ch7 16S
750
120
0
2
1
0
0
Ch7 16S
750
120
10760
3
1
0
0
Ch7 16S
750
120
0
4
1
0
0
Ch7 16S
750
120
0
5
1
0
0
Ch7 16S
750
120
0
6
1
0
0
Ch7 16S
750
120
1
7
1
0
0
Ch7 16S
750
120
0
8
1
0
0
Ch7 16S
750
120
0
9
1
0
0
Ch7 16S
750
120
300
10
1
0
0
Ch5 16S
630
120
10502
0
1
0
0
Ch5 16S
630
120
0
1
1
0
0
Ch5 16S
630
120
0
2
1
0
0
Ch5 16S
630
120
10758
3
1
0
0
Ch5 16S
630
120
0
4
1
0
0
Ch5 16S
630
120
0
5
1
0
0
Ch5 16S
630
120
0
6
1
0
0
Ch5 16S
630
120
1
7
1
0
0
Ch5 16S
630
120
0
8
1
0
0
Ch5 16S
630
120
0
9
1
0
0
Ch5 16S
630
120
300
10
1
0
0
Ch3 16S
510
120
10500
0
1
0
0
Ch3 16S
510
120
0
1
1
0
0
Ch3 16S
510
120
0
2
1
0
0
Ch3 16S
510
120
10756
3
1
0
0
Ch3 16S
510
120
0
4
1
0
0
Ch3 16S
510
120
0
5
1
0
0
Ch3 16S
510
120
0
6
1
0
0
Ch3 16S
510
120
1
7
1
0
0
Ch3 16S
510
120
0
8
1
0
0
Ch3 16S
510
120
0
9
1
0
0
Ch3 16S
510
120
300
10
1
0
0
Ch1 16S
390
120
10498
0
1
0
0
Ch1 16S
390
120
0
1
1
0
0
Ch1 16S
390
120
0
2
1
0
0
Ch1 16S
390
120
10754
3
1
0
0
Ch1 16S
390
120
0
4
1
0
0
Ch1 16S
390
120
0
5
1
0
0
Ch1 16S
390
120
0
6
1
0
0
Ch1 16S
390
120
1
7
1
0
0
Ch1 16S
390
120
0
8
1
0
0
Ch1 16S
390
120
0
9
1
0
0
Ch1 16S
390
120
300
10
1
0
0
Ch13 16S
330
210
10556
0
1
0
0
Ch13 16S
330
210
0
1
1
0
0
Ch13 16S
330
210
0
2
1
0
0
Ch13 16S
330
210
10812
3
1
0
0
Ch13 16S
330
210
0
4
1
0
0
Ch13 16S
330
210
0
5
1
0
0
Ch13 16S
330
210
0
6
1
0
0
Ch13 16S
330
210
1
7
1
0
0
Ch13 16S
330
210
0
8
1
0
0
Ch13 16S
330
210
0
9
1
0
0
Ch13 16S
330
210
300
10
1
0
0
Ch9 9S
150
120
10515
0
1
0
0
Ch9 9S
150
120
0
1
1
0
0
Ch9 9S
150
120
0
2
1
0
0
Ch9 9S
150
120
10771
3
1
0
0
Ch9 9S
150
120
0
4
1
0
0
Ch9 9S
150
120
0
5
1
0
0
Ch9 9S
150
120
0
6
1
0
0
Ch9 9S
150
120
1
7
1
0
0
Ch9 9S
150
120
0
8
1
0
0
Ch9 9S
150
120
0
9
1
0
0
Ch9 9S
150
120
300
10
1
0
0
Ch7 9S
30
120
10563
0
1
0
0
Ch7 9S
30
120
0
1
1
0
0
Ch7 9S
30
120
0
2
1
0
0
Ch7 9S
30
120
10819
3
1
0
0
Ch7 9S
30
120
0
4
1
0
0
Ch7 9S
30
120
0
5
1
0
0
Ch7 9S
30
120
0
6
1
0
0
Ch7 9S
30
120
1
7
1
0
0
Ch7 9S
30
120
0
8
1
0
0
Ch7 9S
30
120
0
9
1
0
0
Ch7 9S
30
120
300
10
1
0
0
Ch5 9S
690
30
10561
0
1
0
0
Ch5 9S
690
30
0
1
1
0
0
Ch5 9S
690
30
0
2
1
0
0
Ch5 9S
690
30
10817
3
1
0
0
Ch5 9S
690
30
0
4
1
0
0
Ch5 9S
690
30
0
5
1
0
0
Ch5 9S
690
30
0
6
1
0
0
Ch5 9S
690
30
1
7
1
0
0
Ch5 9S
690
30
0
8
1
0
0
Ch5 9S
690
30
0
9
1
0
0
Ch5 9S
690
30
300
10
1
0
0
Ch3 9S
570
30
10513
0
1
0
0
Ch3 9S
570
30
0
1
1
0
0
Ch3 9S
570
30
0
2
1
0
0
Ch3 9S
570
30
10769
3
1
0
0
Ch3 9S
570
30
0
4
1
0
0
Ch3 9S
570
30
0
5
1
0
0
Ch3 9S
570
30
0
6
1
0
0
Ch3 9S
570
30
1
7
1
0
0
Ch3 9S
570
30
0
8
1
0
0
Ch3 9S
570
30
0
9
1
0
0
Ch3 9S
570
30
300
10
1
0
0
Ch1 9S
450
30
10511
0
1
0
0
Ch1 9S
450
30
0
1
1
0
0
Ch1 9S
450
30
0
2
1
0
0
Ch1 9S
450
30
10767
3
1
0
0
Ch1 9S
450
30
0
4
1
0
0
Ch1 9S
450
30
0
5
1
0
0
Ch1 9S
450
30
0
6
1
0
0
Ch1 9S
450
30
1
7
1
0
0
Ch1 9S
450
30
0
8
1
0
0
Ch1 9S
450
30
0
9
1
0
0
Ch1 9S
450
30
300
10
1
0
0
Ch11 16S
210
210
10508
0
1
0
0
Ch11 16S
210
210
0
1
1
0
0
Ch11 16S
210
210
0
2
1
0
0
Ch11 16S
210
210
10764
3
1
0
0
Ch11 16S
210
210
0
4
1
0
0
Ch11 16S
210
210
0
5
1
0
0
Ch11 16S
210
210
0
6
1
0
0
Ch11 16S
210
210
1
7
1
0
0
Ch11 16S
210
210
0
8
1
0
0
Ch11 16S
210
210
0
9
1
0
0
Ch11 16S
210
210
300
10
1
0
0
On/Off 6E4S
330
30
10521
0
1
1
0
On/Off 6E4S
330
30
0
1
1
1
0
On/Off 6E4S
330
30
0
2
1
1
0
On/Off 6E4S
330
30
10774
3
1
1
0
On/Off 6E4S
330
30
0
4
1
1
0
On/Off 6E4S
330
30
0
5
1
1
0
On/Off 6E4S
330
30
0
6
1
1
0
On/Off 6E4S
330
30
1
7
1
1
0
On/Off 6E4S
330
30
0
8
1
1
0
On/Off 6E4S
330
30
0
9
1
1
0
On/Off 6E4S
330
30
300
10
1
1
0
On/Off 9S
270
120
10516
0
1
1
0
On/Off 9S
270
120
0
1
1
1
0
On/Off 9S
270
120
0
2
1
1
0
On/Off 9S
270
120
10768
3
1
1
0
On/Off 9S
270
120
0
4
1
1
0
On/Off 9S
270
120
0
5
1
1
0
On/Off 9S
270
120
0
6
1
1
0
On/Off 9S
270
120
1
7
1
1
0
On/Off 9S
270
120
0
8
1
1
0
On/Off 9S
270
120
0
9
1
1
0
On/Off 9S
270
120
300
10
1
1
0
Ch5 22S
150
300
10526
0
1
0
0
Ch5 22S
150
300
0
1
1
0
0
Ch5 22S
150
300
0
2
1
0
0
Ch5 22S
150
300
10782
3
1
0
0
Ch5 22S
150
300
0
4
1
0
0
Ch5 22S
150
300
0
5
1
0
0
Ch5 22S
150
300
0
6
1
0
0
Ch5 22S
150
300
1
7
1
0
0
Ch5 22S
150
300
0
8
1
0
0
Ch5 22S
150
300
0
9
1
0
0
Ch5 22S
150
300
300
10
1
0
0
Ch15 16S
450
210
10558
0
1
0
0
Ch15 16S
450
210
0
1
1
0
0
Ch15 16S
450
210
0
2
1
0
0
Ch15 16S
450
210
10814
3
1
0
0
Ch15 16S
450
210
0
4
1
0
0
Ch15 16S
450
210
0
5
1
0
0
Ch15 16S
450
210
0
6
1
0
0
Ch15 16S
450
210
1
7
1
0
0
Ch15 16S
450
210
0
8
1
0
0
Ch15 16S
450
210
0
9
1
0
0
Ch15 16S
450
210
300
10
1
0
0
Ch1 22S
690
210
10522
0
1
0
0
Ch1 22S
690
210
0
1
1
0
0
Ch1 22S
690
210
0
2
1
0
0
Ch1 22S
690
210
10778
3
1
0
0
Ch1 22S
690
210
0
4
1
0
0
Ch1 22S
690
210
0
5
1
0
0
Ch1 22S
690
210
0
6
1
0
0
Ch1 22S
690
210
1
7
1
0
0
Ch1 22S
690
210
0
8
1
0
0
Ch1 22S
690
210
0
9
1
0
0
Ch1 22S
690
210
300
10
1
0
0
Ch3 22S
30
300
10524
0
1
0
0
Ch3 22S
30
300
0
1
1
0
0
Ch3 22S
30
300
0
2
1
0
0
Ch3 22S
30
300
10780
3
1
0
0
Ch3 22S
30
300
0
4
1
0
0
Ch3 22S
30
300
0
5
1
0
0
Ch3 22S
30
300
0
6
1
0
0
Ch3 22S
30
300
1
7
1
0
0
Ch3 22S
30
300
0
8
1
0
0
Ch3 22S
30
300
0
9
1
0
0
Ch3 22S
30
300
300
10
1
0
0
On/Off 16S
570
210
10510
0
1
1
0
On/Off 16S
570
210
0
1
1
1
0
On/Off 16S
570
210
0
2
1
1
0
On/Off 16S
570
210
10759
3
1
1
0
On/Off 16S
570
210
0
4
1
1
0
On/Off 16S
570
210
0
5
1
1
0
On/Off 16S
570
210
0
6
1
1
0
On/Off 16S
570
210
1
7
1
1
0
On/Off 16S
570
210
0
8
1
1
0
On/Off 16S
570
210
0
9
1
1
0
On/Off 16S
570
210
300
10
1
1
0
Ch15 22S
750
300
10535
0
1
0
0
Ch15 22S
750
300
0
1
1
0
0
Ch15 22S
750
300
0
2
1
0
0
Ch15 22S
750
300
10791
3
1
0
0
Ch15 22S
750
300
0
4
1
0
0
Ch15 22S
750
300
0
5
1
0
0
Ch15 22S
750
300
0
6
1
0
0
Ch15 22S
750
300
1
7
1
0
0
Ch15 22S
750
300
0
8
1
0
0
Ch15 22S
750
300
0
9
1
0
0
Ch15 22S
750
300
300
10
1
0
0
Ch13 22S
630
300
10533
0
1
0
0
Ch13 22S
630
300
0
1
1
0
0
Ch13 22S
630
300
0
2
1
0
0
Ch13 22S
630
300
10789
3
1
0
0
Ch13 22S
630
300
0
4
1
0
0
Ch13 22S
630
300
0
5
1
0
0
Ch13 22S
630
300
0
6
1
0
0
Ch13 22S
630
300
1
7
1
0
0
Ch13 22S
630
300
0
8
1
0
0
Ch13 22S
630
300
0
9
1
0
0
Ch13 22S
630
300
300
10
1
0
0
Ch11 22S
510
300
10532
0
1
0
0
Ch11 22S
510
300
0
1
1
0
0
Ch11 22S
510
300
0
2
1
0
0
Ch11 22S
510
300
10788
3
1
0
0
Ch11 22S
510
300
0
4
1
0
0
Ch11 22S
510
300
0
5
1
0
0
Ch11 22S
510
300
0
6
1
0
0
Ch11 22S
510
300
1
7
1
0
0
Ch11 22S
510
300
0
8
1
0
0
Ch11 22S
510
300
0
9
1
0
0
Ch11 22S
510
300
300
10
1
0
0
Ch9 22S
390
300
10530
0
1
0
0
Ch9 22S
390
300
0
1
1
0
0
Ch9 22S
390
300
0
2
1
0
0
Ch9 22S
390
300
10786
3
1
0
0
Ch9 22S
390
300
0
4
1
0
0
Ch9 22S
390
300
0
5
1
0
0
Ch9 22S
390
300
0
6
1
0
0
Ch9 22S
390
300
1
7
1
0
0
Ch9 22S
390
300
0
8
1
0
0
Ch9 22S
390
300
0
9
1
0
0
Ch9 22S
390
300
300
10
1
0
0
Ch7 22S
270
300
10528
0
1
0
0
Ch7 22S
270
300
0
1
1
0
0
Ch7 22S
270
300
0
2
1
0
0
Ch7 22S
270
300
10784
3
1
0
0
Ch7 22S
270
300
0
4
1
0
0
Ch7 22S
270
300
0
5
1
0
0
Ch7 22S
270
300
0
6
1
0
0
Ch7 22S
270
300
1
7
1
0
0
Ch7 22S
270
300
0
8
1
0
0
Ch7 22S
270
300
0
9
1
0
0
Ch7 22S
270
300
300
10
1
0
0
Ch17 22S
90
390
10537
0
1
0
0
Ch17 22S
90
390
0
1
1
0
0
Ch17 22S
90
390
0
2
1
0
0
Ch17 22S
90
390
10793
3
1
0
0
Ch17 22S
90
390
0
4
1
0
0
Ch17 22S
90
390
0
5
1
0
0
Ch17 22S
90
390
0
6
1
0
0
Ch17 22S
90
390
1
7
1
0
0
Ch17 22S
90
390
0
8
1
0
0
Ch17 22S
90
390
0
9
1
0
0
Ch17 22S
90
390
300
10
1
0
0
Ch19 22S
210
390
10539
0
1
0
0
Ch19 22S
210
390
0
1
1
0
0
Ch19 22S
210
390
0
2
1
0
0
Ch19 22S
210
390
10795
3
1
0
0
Ch19 22S
210
390
0
4
1
0
0
Ch19 22S
210
390
0
5
1
0
0
Ch19 22S
210
390
0
6
1
0
0
Ch19 22S
210
390
1
7
1
0
0
Ch19 22S
210
390
0
8
1
0
0
Ch19 22S
210
390
0
9
1
0
0
Ch19 22S
210
390
300
10
1
0
0
Ch21 22S
330
390
10566
0
1
0
0
Ch21 22S
330
390
0
1
1
0
0
Ch21 22S
330
390
0
2
1
0
0
Ch21 22S
330
390
10822
3
1
0
0
Ch21 22S
330
390
0
4
1
0
0
Ch21 22S
330
390
0
5
1
0
0
Ch21 22S
330
390
0
6
1
0
0
Ch21 22S
330
390
1
7
1
0
0
Ch21 22S
330
390
0
8
1
0
0
Ch21 22S
330
390
0
9
1
0
0
Ch21 22S
330
390
300
10
1
0
0
On/Off Ch22
450
390
10541
0
1
1
0
On/Off Ch22
450
390
0
1
1
1
0
On/Off Ch22
450
390
0
2
1
1
0
On/Off Ch22
450
390
10781
3
1
1
0
On/Off Ch22
450
390
0
4
1
1
0
On/Off Ch22
450
390
0
5
1
1
0
On/Off Ch22
450
390
0
6
1
1
0
On/Off Ch22
450
390
1
7
1
1
0
On/Off Ch22
450
390
0
8
1
1
0
On/Off Ch22
450
390
0
9
1
1
0
On/Off Ch22
450
390
300
10
1
1
1
Persiana 2E2S
90
60
0
0
5
5
1
Persiana 2E2S
90
60
0
1
5
5
1
Persiana 2E2S
90
60
20739
2
5
5
1
Persiana 2E2S
90
60
20740
3
5
5
1
Persiana 2E2S
90
60
20741
4
5
5
1
Persiana 2E2S
90
60
20742
5
5
5
1
Ch4/5 Room.Con
240
60
0
0
5
5
1
Ch4/5 Room.Con
240
60
0
1
5
5
1
Ch4/5 Room.Con
240
60
0
2
5
5
1
Ch4/5 Room.Con
240
60
0
3
5
5
1
Ch6/7 Room.Con
390
60
0
0
5
5
1
Ch6/7 Room.Con
390
60
0
1
5
5
1
Ch6/7 Room.Con
390
60
20502
2
5
5
1
Ch6/7 Room.Con
390
60
20503
3
5
5
1
Rejilla 4
540
210
0
0
5
5
1
Rejilla 4
540
210
0
1
5
5
1
Rejilla 4
540
210
12050
2
5
5
1
Rejilla 4
540
210
12057
3
5
5
1
Rejilla 6
240
360
0
0
5
5
1
Rejilla 6
240
360
0
1
5
5
1
Rejilla 6
240
360
12052
2
5
5
1
Rejilla 6
240
360
12059
3
5
5
1
Rejilla 5
90
360
0
0
5
5
1
Rejilla 5
90
360
0
1
5
5
1
Rejilla 5
90
360
12051
2
5
5
1
Rejilla 5
90
360
12058
3
5
5
1
Rejilla 1
90
210
0
0
5
5
1
Rejilla 1
90
210
0
1
5
5
1
Rejilla 1
90
210
12047
2
5
5
1
Rejilla 1
90
210
12053
3
5
5
1
Rejilla 2
240
210
0
0
5
5
1
Rejilla 2
240
210
0
1
5
5
1
Rejilla 2
240
210
12048
2
5
5
1
Rejilla 2
240
210
12055
3
5
5
1
Rejilla 3
390
210
0
0
5
5
1
Rejilla 3
390
210
0
1
5
5
1
Rejilla 3
390
210
12049
2
5
5
1
Rejilla 3
390
210
12056
3
5
5
1
Rejilla 7
390
360
0
0
5
5
1
Rejilla 7
390
360
0
1
5
5
1
Rejilla 7
390
360
12053
2
5
5
1
Rejilla 7
390
360
12060
3
5
5
2
Valv. Ch12 22S
120
60
11268
0
1
6
2
Valv. Ch12 22S
120
60
0
1
1
6
2
Valv. Ch12 22S
120
60
0
2
1
6
2
Valv. Ch12 22S
120
60
11269
3
1
6
2
Valv. Ch12 22S
120
60
0
4
1
6
2
Valv. Ch12 22S
120
60
0
5
1
6
2
Valv. Ch12 22S
120
60
0
6
1
6
2
Valv. Ch12 22S
120
60
1
7
1
6
2
Valv. Ch12 22S
120
60
0
8
1
6
2
Valv. Ch12 22S
120
60
0
9
1
6
2
Valv. Ch12 22S
120
60
300
10
1
6
2
Valv. Ch19 R.C
120
360
20533
0
1
6
2
Valv. Ch19 R.C
120
360
0
1
1
6
2
Valv. Ch19 R.C
120
360
0
2
1
6
2
Valv. Ch19 R.C
120
360
20534
3
1
6
2
Valv. Ch19 R.C
120
360
0
4
1
6
2
Valv. Ch19 R.C
120
360
0
5
1
6
2
Valv. Ch19 R.C
120
360
0
6
1
6
2
Valv. Ch19 R.C
120
360
1
7
1
6
2
Valv. Ch19 R.C
120
360
0
8
1
6
2
Valv. Ch19 R.C
120
360
0
9
1
6
2
Valv. Ch19 R.C
120
360
300
10
1
6
2
Valv. Ch18 R.C
120
210
20531
0
1
6
2
Valv. Ch18 R.C
120
210
0
1
1
6
2
Valv. Ch18 R.C
120
210
0
2
1
6
2
Valv. Ch18 R.C
120
210
20532
3
1
6
2
Valv. Ch18 R.C
120
210
0
4
1
6
2
Valv. Ch18 R.C
120
210
0
5
1
6
2
Valv. Ch18 R.C
120
210
0
6
1
6
2
Valv. Ch18 R.C
120
210
1
7
1
6
2
Valv. Ch18 R.C
120
210
0
8
1
6
2
Valv. Ch18 R.C
120
210
0
9
1
6
2
Valv. Ch18 R.C
120
210
300
10
1
6
2
Med.Cons Ch1
390
60
14337
0
10
43
2
Med.Cons Ch1
390
60
1
1
10
43
2
Med.Cons. Ch2
630
60
14345
0
10
43
2
Med.Cons. Ch2
630
60
1
1
10
43
2
Temp TL
390
210
6147
0
10
51
2
Temp TL
390
210
2
1
10
51
2
TH
630
210
6164
0
10
51
2
TH
630
210
2
1
10
51
3
Ch1 1-10V3
60
180
4097
0
2
41
3
Ch1 1-10V3
60
180
4352
1
2
41
3
Ch1 1-10V3
60
180
4865
2
2
41
3
Ch1 1-10V3
60
180
5121
3
2
41
3
Ch2 230V2
690
300
4124
0
2
41
3
Ch2 230V2
690
300
4380
1
2
41
3
Ch2 230V2
690
300
4892
2
2
41
3
Ch2 230V2
690
300
5148
3
2
41
3
Ch1 230V2
570
300
4123
0
2
41
3
Ch1 230V2
570
300
4379
1
2
41
3
Ch1 230V2
570
300
4891
2
2
41
3
Ch1 230V2
570
300
5147
3
2
41
3
Ch3 230V3
300
300
4121
0
2
41
3
Ch3 230V3
300
300
4377
1
2
41
3
Ch3 230V3
300
300
4889
2
2
41
3
Ch3 230V3
300
300
5145
3
2
41
3
Ch2 230V3
180
300
4120
0
2
41
3
Ch2 230V3
180
300
4376
1
2
41
3
Ch2 230V3
180
300
4888
2
2
41
3
Ch2 230V3
180
300
5144
3
2
41
3
Ch1 230V3
60
300
4119
0
2
41
3
Ch1 230V3
60
300
4375
1
2
41
3
Ch1 230V3
60
300
4887
2
2
41
3
Ch1 230V3
60
300
5143
3
2
41
3
1Ch 230V
450
180
4117
0
2
41
3
1Ch 230V
450
180
4373
1
2
41
3
1Ch 230V
450
180
4885
2
2
41
3
1Ch 230V
450
180
5141
3
2
41
3
Ch3 1-10V3
300
180
4099
0
2
41
3
Ch3 1-10V3
300
180
4354
1
2
41
3
Ch3 1-10V3
300
180
4867
2
2
41
3
Ch3 1-10V3
300
180
5123
3
2
41
3
Ch2 1-10V3
180
180
4098
0
2
41
3
Ch2 1-10V3
180
180
4353
1
2
41
3
Ch2 1-10V3
180
180
4866
2
2
41
3
Ch2 1-10V3
180
180
5122
3
2
41
3
Ch3 0-10V4
300
60
4104
0
1
40
3
Ch3 0-10V4
300
60
0
1
1
40
3
Ch3 0-10V4
300
60
0
2
1
40
3
Ch3 0-10V4
300
60
4360
3
1
40
3
Ch3 0-10V4
300
60
0
4
1
40
3
Ch3 0-10V4
300
60
0
5
1
40
3
Ch3 0-10V4
300
60
0
6
1
40
3
Ch3 0-10V4
300
60
1
7
1
40
3
Ch3 0-10V4
300
60
0
8
1
40
3
Ch3 0-10V4
300
60
0
9
1
40
3
Ch3 0-10V4
300
60
300
10
1
40
3
Ch2 0-10V4
180
60
4103
0
1
40
3
Ch2 0-10V4
180
60
0
1
1
40
3
Ch2 0-10V4
180
60
0
2
1
40
3
Ch2 0-10V4
180
60
4359
3
1
40
3
Ch2 0-10V4
180
60
0
4
1
40
3
Ch2 0-10V4
180
60
0
5
1
40
3
Ch2 0-10V4
180
60
0
6
1
40
3
Ch2 0-10V4
180
60
1
7
1
40
3
Ch2 0-10V4
180
60
0
8
1
40
3
Ch2 0-10V4
180
60
0
9
1
40
3
Ch2 0-10V4
180
60
300
10
1
40
3
Ch1 0-10V4
60
60
4102
0
1
40
3
Ch1 0-10V4
60
60
0
1
1
40
3
Ch1 0-10V4
60
60
0
2
1
40
3
Ch1 0-10V4
60
60
4358
3
1
40
3
Ch1 0-10V4
60
60
0
4
1
40
3
Ch1 0-10V4
60
60
0
5
1
40
3
Ch1 0-10V4
60
60
0
6
1
40
3
Ch1 0-10V4
60
60
1
7
1
40
3
Ch1 0-10V4
60
60
0
8
1
40
3
Ch1 0-10V4
60
60
0
9
1
40
3
Ch1 0-10V4
60
60
300
10
1
40
3
Ch4 0-10V4
420
60
4105
0
1
40
3
Ch4 0-10V4
420
60
0
1
1
40
3
Ch4 0-10V4
420
60
0
2
1
40
3
Ch4 0-10V4
420
60
4361
3
1
40
3
Ch4 0-10V4
420
60
0
4
1
40
3
Ch4 0-10V4
420
60
0
5
1
40
3
Ch4 0-10V4
420
60
0
6
1
40
3
Ch4 0-10V4
420
60
1
7
1
40
3
Ch4 0-10V4
420
60
0
8
1
40
3
Ch4 0-10V4
420
60
0
9
1
40
3
Ch4 0-10V4
420
60
300
10
1
40
3
Ch1 1-10V2
570
60
4113
0
1
40
3
Ch1 1-10V2
570
60
0
1
1
40
3
Ch1 1-10V2
570
60
0
2
1
40
3
Ch1 1-10V2
570
60
4369
3
1
40
3
Ch1 1-10V2
570
60
0
4
1
40
3
Ch1 1-10V2
570
60
0
5
1
40
3
Ch1 1-10V2
570
60
0
6
1
40
3
Ch1 1-10V2
570
60
1
7
1
40
3
Ch1 1-10V2
570
60
0
8
1
40
3
Ch1 1-10V2
570
60
0
9
1
40
3
Ch1 1-10V2
570
60
300
10
1
40
3
Ch2 1-10V2
690
60
4114
0
1
40
3
Ch2 1-10V2
690
60
0
1
1
40
3
Ch2 1-10V2
690
60
0
2
1
40
3
Ch2 1-10V2
690
60
4370
3
1
40
3
Ch2 1-10V2
690
60
0
4
1
40
3
Ch2 1-10V2
690
60
0
5
1
40
3
Ch2 1-10V2
690
60
0
6
1
40
3
Ch2 1-10V2
690
60
1
7
1
40
3
Ch2 1-10V2
690
60
0
8
1
40
3
Ch2 1-10V2
690
60
0
9
1
40
3
Ch2 1-10V2
690
60
300
10
1
40
3
Ch2 R.C
390
390
20483
0
2
41
3
Ch2 R.C
390
390
20486
1
2
41
3
Ch2 R.C
390
390
20485
2
2
41
3
Ch2 R.C
390
390
20487
3
2
41
3
Ch3 R.C
510
390
20488
0
2
41
3
Ch3 R.C
510
390
20491
1
2
41
3
Ch3 R.C
510
390
20490
2
2
41
3
Ch3 R.C
510
390
20492
3
2
41
4
TH
480
240
0
0
3
51
4
TH
480
240
0
1
3
51
4
TH
480
240
0
2
3
51
4
TH
480
240
0
3
3
51
4
TH
480
240
0
6
3
51
4
TH
480
240
6164
4
3
51
4
TH
480
240
2
7
3
51
4
TH
480
240
0
8
3
51
4
TH
480
240
0
5
3
51
4
TH
480
240
0
113
3
51
4
TH
480
240
0
114
3
51
4
TH
480
240
0
116
3
51
4
TH
480
240
2
115
3
51
4
TH
480
240
0
108
3
51
4
TH
480
240
15
109
3
51
4
TH
480
240
0
112
3
51
4
TH
480
240
75
110
3
51
4
TH
480
240
125
111
3
51
4
TH
480
240
1
117
3
51
4
TH
480
240
0
118
3
51
4
TH
480
240
0
119
3
51
4
TH
480
240
0
100
3
51
4
TH
480
240
0
101
3
51
4
TH
480
240
0
102
3
51
4
TH
480
240
0
103
3
51
4
TH
480
240
20
104
3
51
4
TH
480
240
10
105
3
51
4
TH
480
240
0
106
3
51
4
TH
480
240
1
107
3
51
4
TH
480
240
0
200
3
51
4
TH
480
240
0
201
3
51
4
TH
480
240
0
202
3
51
4
TH
480
240
0
203
3
51
4
SQ2
150
240
0
0
3
51
4
SQ2
150
240
0
1
3
51
4
SQ2
150
240
0
2
3
51
4
SQ2
150
240
0
3
3
51
4
SQ2
150
240
0
6
3
51
4
SQ2
150
240
6195
4
3
51
4
SQ2
150
240
2
7
3
51
4
SQ2
150
240
0
8
3
51
4
SQ2
150
240
0
5
3
51
4
SQ2
150
240
0
113
3
51
4
SQ2
150
240
0
114
3
51
4
SQ2
150
240
0
116
3
51
4
SQ2
150
240
2
115
3
51
4
SQ2
150
240
0
108
3
51
4
SQ2
150
240
15
109
3
51
4
SQ2
150
240
0
112
3
51
4
SQ2
150
240
75
110
3
51
4
SQ2
150
240
125
111
3
51
4
SQ2
150
240
1
117
3
51
4
SQ2
150
240
0
118
3
51
4
SQ2
150
240
0
119
3
51
4
SQ2
150
240
0
100
3
51
4
SQ2
150
240
0
101
3
51
4
SQ2
150
240
0
102
3
51
4
SQ2
150
240
0
103
3
51
4
SQ2
150
240
20
104
3
51
4
SQ2
150
240
10
105
3
51
4
SQ2
150
240
0
106
3
51
4
SQ2
150
240
1
107
3
51
4
SQ2
150
240
0
200
3
51
4
SQ2
150
240
0
201
3
51
4
SQ2
150
240
0
202
3
51
4
SQ2
150
240
0
203
3
51
4
SQ4
330
240
0
0
3
51
4
SQ4
330
240
0
1
3
51
4
SQ4
330
240
0
2
3
51
4
SQ4
330
240
0
3
3
51
4
SQ4
330
240
0
6
3
51
4
SQ4
330
240
6196
4
3
51
4
SQ4
330
240
2
7
3
51
4
SQ4
330
240
0
8
3
51
4
SQ4
330
240
0
5
3
51
4
SQ4
330
240
0
113
3
51
4
SQ4
330
240
0
114
3
51
4
SQ4
330
240
0
116
3
51
4
SQ4
330
240
2
115
3
51
4
SQ4
330
240
0
108
3
51
4
SQ4
330
240
15
109
3
51
4
SQ4
330
240
0
112
3
51
4
SQ4
330
240
75
110
3
51
4
SQ4
330
240
125
111
3
51
4
SQ4
330
240
1
117
3
51
4
SQ4
330
240
0
118
3
51
4
SQ4
330
240
0
119
3
51
4
SQ4
330
240
0
100
3
51
4
SQ4
330
240
0
101
3
51
4
SQ4
330
240
0
102
3
51
4
SQ4
330
240
0
103
3
51
4
SQ4
330
240
20
104
3
51
4
SQ4
330
240
10
105
3
51
4
SQ4
330
240
0
106
3
51
4
SQ4
330
240
1
107
3
51
4
SQ4
330
240
0
200
3
51
4
SQ4
330
240
0
201
3
51
4
SQ4
330
240
0
202
3
51
4
SQ4
330
240
0
203
3
51
4
SQ6
630
90
0
0
3
51
4
SQ6
630
90
0
1
3
51
4
SQ6
630
90
0
2
3
51
4
SQ6
630
90
0
3
3
51
4
SQ6
630
90
0
6
3
51
4
SQ6
630
90
6197
4
3
51
4
SQ6
630
90
2
7
3
51
4
SQ6
630
90
0
8
3
51
4
SQ6
630
90
0
5
3
51
4
SQ6
630
90
0
113
3
51
4
SQ6
630
90
0
114
3
51
4
SQ6
630
90
0
116
3
51
4
SQ6
630
90
2
115
3
51
4
SQ6
630
90
0
108
3
51
4
SQ6
630
90
15
109
3
51
4
SQ6
630
90
0
112
3
51
4
SQ6
630
90
75
110
3
51
4
SQ6
630
90
125
111
3
51
4
SQ6
630
90
1
117
3
51
4
SQ6
630
90
0
118
3
51
4
SQ6
630
90
0
119
3
51
4
SQ6
630
90
0
100
3
51
4
SQ6
630
90
0
101
3
51
4
SQ6
630
90
0
102
3
51
4
SQ6
630
90
0
103
3
51
4
SQ6
630
90
20
104
3
51
4
SQ6
630
90
10
105
3
51
4
SQ6
630
90
0
106
3
51
4
SQ6
630
90
1
107
3
51
4
SQ6
630
90
0
200
3
51
4
SQ6
630
90
0
201
3
51
4
SQ6
630
90
0
202
3
51
4
SQ6
630
90
0
203
3
51
4
V6
450
90
0
0
3
51
4
V6
450
90
0
1
3
51
4
V6
450
90
0
2
3
51
4
V6
450
90
0
3
3
51
4
V6
450
90
0
6
3
51
4
V6
450
90
6199
4
3
51
4
V6
450
90
2
7
3
51
4
V6
450
90
0
8
3
51
4
V6
450
90
0
5
3
51
4
V6
450
90
0
113
3
51
4
V6
450
90
0
114
3
51
4
V6
450
90
0
116
3
51
4
V6
450
90
2
115
3
51
4
V6
450
90
0
108
3
51
4
V6
450
90
15
109
3
51
4
V6
450
90
0
112
3
51
4
V6
450
90
75
110
3
51
4
V6
450
90
125
111
3
51
4
V6
450
90
1
117
3
51
4
V6
450
90
0
118
3
51
4
V6
450
90
0
119
3
51
4
V6
450
90
0
100
3
51
4
V6
450
90
0
101
3
51
4
V6
450
90
0
102
3
51
4
V6
450
90
0
103
3
51
4
V6
450
90
20
104
3
51
4
V6
450
90
10
105
3
51
4
V6
450
90
0
106
3
51
4
V6
450
90
1
107
3
51
4
V6
450
90
0
200
3
51
4
V6
450
90
0
201
3
51
4
V6
450
90
0
202
3
51
4
V6
450
90
0
203
3
51
4
V8
270
90
0
0
3
51
4
V8
270
90
0
1
3
51
4
V8
270
90
0
2
3
51
4
V8
270
90
0
3
3
51
4
V8
270
90
0
6
3
51
4
V8
270
90
6198
4
3
51
4
V8
270
90
2
7
3
51
4
V8
270
90
0
8
3
51
4
V8
270
90
0
5
3
51
4
V8
270
90
0
113
3
51
4
V8
270
90
0
114
3
51
4
V8
270
90
0
116
3
51
4
V8
270
90
2
115
3
51
4
V8
270
90
0
108
3
51
4
V8
270
90
15
109
3
51
4
V8
270
90
0
112
3
51
4
V8
270
90
75
110
3
51
4
V8
270
90
125
111
3
51
4
V8
270
90
1
117
3
51
4
V8
270
90
0
118
3
51
4
V8
270
90
0
119
3
51
4
V8
270
90
0
100
3
51
4
V8
270
90
0
101
3
51
4
V8
270
90
0
102
3
51
4
V8
270
90
0
103
3
51
4
V8
270
90
20
104
3
51
4
V8
270
90
10
105
3
51
4
V8
270
90
0
106
3
51
4
V8
270
90
1
107
3
51
4
V8
270
90
0
200
3
51
4
V8
270
90
0
201
3
51
4
V8
270
90
0
202
3
51
4
V8
270
90
0
203
3
51
4
TL
90
90
6179
0
3
51
4
TL
90
90
6180
1
3
51
4
TL
90
90
6148
2
3
51
4
TL
90
90
6149
3
3
51
4
TL
90
90
0
6
3
51
4
TL
90
90
6147
4
3
51
4
TL
90
90
2
7
3
51
4
TL
90
90
0
8
3
51
4
TL
90
90
0
5
3
51
4
TL
90
90
0
113
3
51
4
TL
90
90
0
114
3
51
4
TL
90
90
0
116
3
51
4
TL
90
90
2
115
3
51
4
TL
90
90
0
108
3
51
4
TL
90
90
15
109
3
51
4
TL
90
90
0
112
3
51
4
TL
90
90
75
110
3
51
4
TL
90
90
125
111
3
51
4
TL
90
90
1
117
3
51
4
TL
90
90
0
118
3
51
4
TL
90
90
0
119
3
51
4
TL
90
90
0
100
3
51
4
TL
90
90
0
101
3
51
4
TL
90
90
0
102
3
51
4
TL
90
90
0
103
3
51
4
TL
90
90
20
104
3
51
4
TL
90
90
10
105
3
51
4
TL
90
90
0
106
3
51
4
TL
90
90
1
107
3
51
4
TL
90
90
0
200
3
51
4
TL
90
90
0
201
3
51
4
TL
90
90
0
202
3
51
4
TL
90
90
0
203
3
51
4
T
660
240
0
0
3
51
4
T
660
240
0
1
3
51
4
T
660
240
0
2
3
51
4
T
660
240
0
3
3
51
4
T
660
240
0
6
3
51
4
T
660
240
6172
4
3
51
4
T
660
240
2
7
3
51
4
T
660
240
0
8
3
51
4
T
660
240
0
5
3
51
4
T
660
240
0
113
3
51
4
T
660
240
0
114
3
51
4
T
660
240
0
116
3
51
4
T
660
240
2
115
3
51
4
T
660
240
0
108
3
51
4
T
660
240
15
109
3
51
4
T
660
240
0
112
3
51
4
T
660
240
75
110
3
51
4
T
660
240
125
111
3
51
4
T
660
240
1
117
3
51
4
T
660
240
0
118
3
51
4
T
660
240
0
119
3
51
4
T
660
240
0
100
3
51
4
T
660
240
0
101
3
51
4
T
660
240
0
102
3
51
4
T
660
240
0
103
3
51
4
T
660
240
20
104
3
51
4
T
660
240
10
105
3
51
4
T
660
240
0
106
3
51
4
T
660
240
1
107
3
51
4
T
660
240
0
200
3
51
4
T
660
240
0
201
3
51
4
T
660
240
0
202
3
51
4
T
660
240
0
203
3
51
4
TRMD
90
390
6976
0
3
51
4
TRMD
90
390
6977
1
3
51
4
TRMD
90
390
6974
2
3
51
4
TRMD
90
390
6975
3
3
51
4
TRMD
90
390
0
6
3
51
4
TRMD
90
390
6973
4
3
51
4
TRMD
90
390
2
7
3
51
4
TRMD
90
390
0
8
3
51
4
TRMD
90
390
0
5
3
51
4
TRMD
90
390
0
113
3
51
4
TRMD
90
390
0
114
3
51
4
TRMD
90
390
0
116
3
51
4
TRMD
90
390
2
115
3
51
4
TRMD
90
390
0
108
3
51
4
TRMD
90
390
15
109
3
51
4
TRMD
90
390
0
112
3
51
4
TRMD
90
390
75
110
3
51
4
TRMD
90
390
125
111
3
51
4
TRMD
90
390
1
117
3
51
4
TRMD
90
390
0
118
3
51
4
TRMD
90
390
0
119
3
51
4
TRMD
90
390
0
100
3
51
4
TRMD
90
390
0
101
3
51
4
TRMD
90
390
0
102
3
51
4
TRMD
90
390
0
103
3
51
4
TRMD
90
390
20
104
3
51
4
TRMD
90
390
10
105
3
51
4
TRMD
90
390
0
106
3
51
4
TRMD
90
390
1
107
3
51
4
TRMD
90
390
0
200
3
51
4
TRMD
90
390
0
201
3
51
4
TRMD
90
390
0
202
3
51
4
TRMD
90
390
0
203
3
51
3
RGBW
570
180
4894
0
9
1
3
RGBW
570
180
5150
1
9
1
3
RGBW
570
180
4895
2
9
1
3
RGBW
570
180
5151
3
9
1
3
RGBW
570
180
4896
4
9
1
3
RGBW
570
180
5152
5
9
1
3
RGBW
570
180
4897
6
9
1
3
RGBW
570
180
5153
7
9
1
3
RGB
690
180
4875
0
9
1
3
RGB
690
180
5131
1
9
1
3
RGB
690
180
4876
2
9
1
3
RGB
690
180
5132
3
9
1
3
RGB
690
180
4877
4
9
1
3
RGB
690
180
5133
5
9
1
3
RGB
690
180
4879
6
9
1
3
RGB
690
180
5135
7
9
1
5
DALIK
90
90
2327
0
2
18
5
DALIK
90
90
2562
1
2
18
5
DALIK
90
90
2839
2
2
18
5
DALIK
90
90
3074
3
2
18
5
DMX Sec.1
270
90
1026
0
7
18
5
DMX Sec.1
270
90
0
1
7
18
5
DMX Sec.1
270
90
-1
2
7
18
5
DMX Sec.1
270
90
1
3
7
18
5
DMX Sec.1
270
90
0
4
7
18
5
DMX Sec.1
270
90
300
5
7
18
5
Parar DMX
420
90
0
0
1
18
5
Parar DMX
420
90
1027
1
1
18
5
Parar DMX
420
90
0
2
1
18
5
Parar DMX
420
90
0
3
1
18
5
Parar DMX
420
90
1
4
1
18
5
Parar DMX
420
90
0
5
1
18
5
Parar DMX
420
90
0
6
1
18
5
Parar DMX
420
90
0
7
1
18
5
Parar DMX
420
90
0
8
1
18
5
Parar DMX
420
90
0
9
1
18
5
Parar DMX
420
90
300
10
1
18
5
Escena 2
270
360
9984
0
7
17
5
Escena 2
270
360
0
1
7
17
5
Escena 2
270
360
-1
2
7
17
5
Escena 2
270
360
2
3
7
17
5
Escena 2
270
360
0
4
7
17
5
Escena 2
270
360
300
5
7
17
5
Escena 1
90
360
9984
0
7
27
5
Escena 1
90
360
0
1
7
27
5
Escena 1
90
360
-1
2
7
27
5
Escena 1
90
360
1
3
7
27
5
Escena 1
90
360
0
4
7
27
5
Escena 1
90
360
300
5
7
27
5
Escena 3
450
360
9984
0
7
44
5
Escena 3
450
360
0
1
7
44
5
Escena 3
450
360
-1
2
7
44
5
Escena 3
450
360
3
3
7
44
5
Escena 3
450
360
0
4
7
44
5
Escena 3
450
360
300
5
7
44
0
Corta/Larga
570
390
0
0
1
0
0
Corta/Larga
570
390
10513
1
1
0
0
Corta/Larga
570
390
10513
2
1
0
0
Corta/Larga
570
390
10769
3
1
0
0
Corta/Larga
570
390
2
4
1
0
0
Corta/Larga
570
390
0
5
1
0
0
Corta/Larga
570
390
0
6
1
0
0
Corta/Larga
570
390
1
7
1
0
0
Corta/Larga
570
390
0
8
1
0
0
Corta/Larga
570
390
0
9
1
0
0
Corta/Larga
570
390
300
10
1
0